2.980782500690035697e-01 2.980782500690035697e-01 2.980782500690035697e-01 2.980782500690035697e-01 2.057600745238752360e-01 2.057600745238752360e-01 2.057600745238752360e-01 2.057600745238752360e-01 2.014300993651669813e-01 2.014300993651669813e-01 2.014300993651669813e-01 2.014300993651669813e-01 2.947315760419541575e-01 2.947315760419541575e-01 2.947315760419541575e-01 2.947315760419541575e-01
1.005058825558929059e-01 5.486000897046646591e-02 5.772365788020977079e-02 8.498870066243444099e-02 7.013567830527187019e-02 4.316390077284018578e-02 3.424518699972398800e-02 5.821530844603919203e-02 6.499491098537124589e-02 4.030025186309688090e-02 4.180970535467844196e-02 5.432523116202042646e-02 6.240727642837427813e-02 6.592645942589014929e-02 6.728065484405189312e-02 9.911718534363786470e-02
1.012131693348054112e-01 5.467024910295335133e-02 5.816355575489925295e-02 8.399677408225227071e-02 6.898849365166988268e-02 4.290513731714049039e-02 3.396054719845432307e-02 5.839644286502897880e-02 6.383910088324593057e-02 4.019674648081700274e-02 4.204259246480816781e-02 5.498076524979298579e-02 6.252803270770079802e-02 6.582295404361027114e-02 6.863485026221363694e-02 9.966058860060722502e-02
1.004023771736130277e-01 5.473062724261661821e-02 5.866383176925200199e-02 8.277196039194037458e-02 6.847959218879381971e-02 4.337091153739994209e-02 3.404680168368755255e-02 5.769778153463980125e-02 6.329569762627657026e-02 4.062801890698316404e-02 4.351754416229643846e-02 5.536028498481920801e-02 6.172586599503174232e-02 6.540893251449075851e-02 7.001492202594535030e-02 9.988485026221363694e-02
9.771123723433618180e-02 5.493763800717637452e-02 5.967300924648081401e-02 8.158164849572177579e-02 6.853997032845708659e-02 4.403507107369582924e-02 3.378803822798785716e-02 5.777541057134970987e-02 6.376147184653602196e-02 4.274125379519735229e-02 4.486311413193486142e-02 5.487725986751310764e-02 6.112208459839911512e-02 6.541755796301407244e-02 7.097234681203422324e-02 9.820288780016560304e-02
9.570150772840187170e-02 5.542928857300579576e-02 5.942287123930444642e-02 8.058109646701629158e-02 6.955777325420921253e-02 4.520813207286778629e-02 3.505597916091636457e-02 5.730963635109025817e-02 6.428762420645874054e-02 4.456984888214186868e-02 4.525125931548440450e-02 5.518777601435274904e-02 6.044929961357990711e-02 6.544343430858404198e-02 7.041169265801822119e-02 9.613278015456803993e-02
9.435593775876345568e-02 5.643846605023461471e-02 5.981964187137731037e-02 7.938215912227436499e-02 7.022193279050510661e-02 4.663995652773944567e-02 3.575464049130554905e-02 5.803417402704940525e-02 6.458088945625171939e-02 4.539789194038090087e-02 4.476823419817830413e-02 5.539478677891250535e-02 5.940562034225779775e-02 6.650436447695280695e-02 6.922138076179960853e-02 9.407992340601711856e-02
9.481308653049957957e-02 5.668860405741098230e-02 5.880183894562517055e-02 7.826085081424234702e-02 7.191252070107645444e-02 4.738174510074524143e-02 3.675519252001104020e-02 5.893122067347501825e-02 6.454638766215843593e-02 4.460435067623516603e-02 4.477685964670163193e-02 5.563629933756555207e-02 5.822393389456251983e-02 6.653886627104609042e-02 6.913512627656638598e-02 9.299311689207838405e-02
9.662443072039746117e-02 5.579155741098536930e-02 5.954362751863096631e-02 7.753631313828318605e-02 7.170550993651669813e-02 4.765775945349157855e-02 3.642742547612475706e-02 5.942287123930444642e-02 6.508979091912779624e-02 4.381943486061275206e-02 4.466472881589842597e-02 5.589506279326524746e-02 5.879321349710184968e-02 6.622835012420645595e-02 6.873835564449351510e-02 9.206156845155948065e-02
9.854790574109853485e-02 5.512739787468948216e-02 5.987139456251724945e-02 7.866624689483853183e-02 7.182626621584321802e-02 4.649332390284294930e-02 3.509910640353298278e-02 6.007840532707700576e-02 6.531405258073419429e-02 4.359517319900634708e-02 4.428520908087220376e-02 5.617970259453491239e-02 5.888809343085840697e-02 6.465851849296162801e-02 6.832433411537400247e-02 9.304486958321832313e-02
9.959158501242064421e-02 5.478237993375655729e-02 6.033716878277670115e-02 7.986518423958045843e-02 7.066183066519458877e-02 4.542376828595087040e-02 3.416755796301407938e-02 5.962125655534087493e-02 6.514154361026773532e-02 4.334503519182997255e-02 4.304314449351366589e-02 5.605032086668506469e-02 6.054417954733646440e-02 6.472752208114822270e-02 6.745316381451835208e-02 9.524435895666574781e-02
1.002384936516698827e-01 5.542928857300579576e-02 5.897434791609163646e-02 8.129700869445211087e-02 7.029093637869168743e-02 4.438008901462876105e-02 3.356377656638145218e-02 6.004390353298371535e-02 6.543480886006072805e-02 4.266362475848744368e-02 4.215472329561137377e-02 5.474787813966325994e-02 6.168273875241512411e-02 6.490003105161468167e-02 6.739278567485509908e-02 9.680556513938724794e-02
9.978134487993375878e-02 5.655922232956113460e-02 5.951775117306099677e-02 8.178865926028153210e-02 6.995454388628208342e-02 4.481136144079492234e-02 3.366728194866133034e-02 5.893984612199834605e-02 6.485690380899807039e-02 4.184420714877173930e-02 4.241348675131106916e-02 5.297103574385868263e-02 6.156198247308859728e-02 6.532267802925752209e-02 6.867797750483024821e-02 9.733171749930996652e-02
9.929831976262765147e-02 5.626595707976814881e-02 5.960400565829423319e-02 8.098649254761247640e-02 7.034268906983162650e-02 4.500112130830802998e-02 3.430556513938724794e-02 5.888809343085840697e-02 6.556419058791057575e-02 4.257737027325420726e-02 4.351754416229643846e-02 5.261739235440242995e-02 6.054417954733646440e-02 6.559869238200385921e-02 6.886773737234336279e-02 9.602064932376483397e-02
9.805625517526911361e-02 5.653334598399116506e-02 6.079431755451283198e-02 8.036546025393320747e-02 7.088609232680098682e-02 4.529438655810102271e-02 3.445219776428374431e-02 5.881046439414849836e-02 6.505528912503449890e-02 4.348304236820314805e-02 4.457847433066519649e-02 5.317804650841843894e-02 5.924173682031465965e-02 6.503803822798785716e-02 6.975615857024565492e-02 9.447669403808997557e-02
9.779749171956941822e-02 5.636946246204802696e-02 5.994902359922715807e-02 7.912339566657465573e-02 7.092921956941761197e-02 4.500974675683135778e-02 3.505597916091636457e-02 5.935386765111785867e-02 6.501216188241788763e-02 4.498387041126138824e-02 4.513912848468120548e-02 5.444598744134695328e-02 5.919860957769804144e-02 6.514154361026773532e-02 6.985966395252553307e-02 9.263084805409881051e-02
9.681419058791057575e-02 5.653334598399116506e-02 6.096682652497929789e-02 7.862311965222192056e-02 7.122248481921060470e-02 4.542376828595087040e-02 3.519398633728954007e-02 5.966438379795749314e-02 6.428762420645874054e-02 4.557040091084736677e-02 4.486311413193486142e-02 5.528265594810929939e-02 5.872420990891526194e-02 6.439975503726193262e-02 7.117073212807066562e-02 9.125940173889042495e-02
9.597752208114822270e-02 5.593819003588186567e-02 6.094095017940932835e-02 7.819184722605575233e-02 7.121385937068727690e-02 4.595854609439690985e-02 3.519398633728954007e-02 5.956087841567761498e-02 6.453776221363510812e-02 4.673483646149599602e-02 4.479411054374827367e-02 5.612794990339497331e-02 5.888809343085840697e-02 6.418411882417886238e-02 7.121385937068727690e-02 9.054348951145459179e-02
9.603790022081147570e-02 5.460124551476677052e-02 6.162236061275186416e-02 7.835573074799889737e-02 7.194702249516975179e-02 4.599304788849020026e-02 3.536649530775600597e-02 5.950912572453767591e-02 6.505528912503449890e-02 4.645882210874965196e-02 4.419032914711565341e-02 5.643846605023461471e-02 5.934524220259453781e-02 6.364071556720948819e-02 7.079121239304443647e-02 9.064699489373446994e-02
9.758185550648633411e-02 5.507564518354954308e-02 6.081156845155948065e-02 7.891638490201489942e-02 7.191252070107645444e-02 4.534613924924096179e-02 3.470233577146011883e-02 5.873283535743858974e-02 6.628872826386972283e-02 4.567390629312724493e-02 4.428520908087220376e-02 5.572255382279878849e-02 6.135497170852884097e-02 6.338195211150979280e-02 6.984241305547889134e-02 9.037098054098813282e-02
9.948807963014076605e-02 5.577430651393872757e-02 6.149297888490201647e-02 8.038271115097984920e-02 7.142087013524703321e-02 4.494936861716809090e-02 3.471958666850676056e-02 5.838781741650565793e-02 6.590058308032017975e-02 4.475960874965498326e-02 4.388843844879933981e-02 5.509289608059619175e-02 6.057868134142975480e-02 6.254528360474745363e-02 6.946289332045266218e-02 9.115589635661054679e-02
9.978134487993375878e-02 5.600719362406845342e-02 6.075981576041954157e-02 8.083985992271598697e-02 7.020468189345846488e-02 4.538926649185758000e-02 3.446944866133038604e-02 5.796517043886281750e-02 6.663374620480265464e-02 4.369867858128622523e-02 4.385393665470604246e-02 5.537753588186585668e-02 6.100132831907259523e-02 6.265741443555064571e-02 7.000629657742202250e-02 9.135428167264697530e-02
9.928969431410433755e-02 5.584331010212530838e-02 6.124284087772564195e-02 8.124525600331217179e-02 6.897124275462324094e-02 4.594129519735026118e-02 3.492659743306651687e-02 5.791341774772287843e-02 6.656474261661605996e-02 4.274125379519735229e-02 4.431108542644217330e-02 5.547241581562241397e-02 6.062180858404637301e-02 6.211401117858128540e-02 6.975615857024565492e-02 9.304486958321832313e-02
9.908268354954458124e-02 5.565355023461220074e-02 6.130321901738890189e-02 7.940803546784433453e-02 6.818632693900082697e-02 4.560490270494065718e-02 3.488347019044990560e-02 5.796517043886281750e-02 6.681488062379244142e-02 4.238761040574109962e-02 4.520813207286778629e-02 5.582605920507866665e-02 6.163961150979851283e-02 6.200188034777808638e-02 7.101547405465084839e-02 9.301899323764835359e-02
9.800450248412917453e-02 5.638671335909467563e-02 6.168273875241512411e-02 7.964954802649737431e-02 6.857447212255037006e-02 4.475960874965498326e-02 3.477996480817002745e-02 5.753389801269666315e-02 6.698738959425890038e-02 4.308627173613027717e-02 4.720923613027877552e-02 5.512739787468948216e-02 6.131184446591222970e-02 6.151022978194865820e-02 7.099822315760419278e-02 9.239796094396908466e-02
9.718508487441346322e-02 5.665410226331769189e-02 6.180349503174165093e-02 7.923552649737786169e-02 6.966127863648909069e-02 4.414720190449903520e-02 3.493522288158984468e-02 5.699912020425062370e-02 6.715127311620204542e-02 4.432833632348882197e-02 4.789064656362131134e-02 5.529990684515594807e-02 5.982826731990063818e-02 6.239002553132762946e-02 7.180901531879657629e-02 9.068149668782776729e-02
9.494246825834942727e-02 5.693011661606403595e-02 6.234689828871101125e-02 7.960642078388076304e-02 7.011842740822522846e-02 4.494074316864477003e-02 3.578051683687551859e-02 5.667997860888766143e-02 6.753079285122826070e-02 4.530301200662434358e-02 4.800277739442451036e-02 5.560179754347226166e-02 5.774090877725641946e-02 6.344233025117305969e-02 7.142949558377036101e-02 8.960331562241236059e-02
9.283785881865856682e-02 5.680073488821418826e-02 6.262291264145736225e-02 7.807109094672923244e-02 7.036856541540159604e-02 4.594129519735026118e-02 3.659993444659122297e-02 5.770640698316312212e-02 6.726340394700523750e-02 4.621730955009660524e-02 4.731274151255865368e-02 5.676623309412089091e-02 5.748214532155672407e-02 6.408923889042229816e-02 7.090334322384764243e-02 8.901678512282638900e-02
9.121627449627379980e-02 5.674898219707424918e-02 6.199325489925475857e-02 7.799346191001932382e-02 7.007530016560861719e-02 4.677796370411261423e-02 3.722096674027049190e-02 5.897434791609163646e-02 6.610759384487993606e-02 4.689009453491581325e-02 4.689871998343914106e-02 5.754252346121998402e-02 5.805142492409605393e-02 6.422724606679547366e-02 7.064457976814794704e-02 8.863726538780015984e-02
9.127665263593706668e-02 5.553279395528567391e-02 5.993177270218051633e-02 7.870937413745514311e-02 7.059282707700800796e-02 4.676071280706596556e-02 3.666031258625448291e-02 6.063043403256969388e-02 6.623697557272978376e-02 4.639844396908639201e-02 4.646744755727297976e-02 5.765465429202318304e-02 5.994039815070383720e-02 6.349408294231299876e-02 6.948014421749930392e-02 9.023297336461495732e-02
9.371765456803753114e-02 5.473062724261661821e-02 5.986276911399392858e-02 7.973580251173061073e-02 7.017880554788849534e-02 4.614830596191001749e-02 3.519398633728954007e-02 6.066493582666298429e-02 6.555556513938724794e-02 4.544964463152083994e-02 4.528576110957769491e-02 5.624870618272150014e-02 6.164823695832183370e-02 6.358896287606954911e-02 6.905749723985647737e-02 9.293273875241513104e-02
9.708157949213358506e-02 5.379045335357438701e-02 5.980239097433066864e-02 8.042583839359646047e-02 6.920412986475296679e-02 4.585504071211703170e-02 3.471096121998343970e-02 6.014740891526359351e-02 6.560731783052718702e-02 4.356929685343637754e-02 4.475098330113165546e-02 5.547241581562241397e-02 6.240727642837427813e-02 6.299380692796024972e-02 6.885911192382003498e-02 9.532198799337565642e-02
9.826326593982886992e-02 5.452361647805686190e-02 6.069943762075628163e-02 8.081398357714601743e-02 6.863485026221363694e-02 4.513050303615787767e-02 3.410717982335081250e-02 5.833606472536571885e-02 6.552968879381727840e-02 4.260324661882417679e-02 4.556177546232403897e-02 5.442873654430030461e-02 6.295067968534363845e-02 6.367521736130278553e-02 6.910924993099641644e-02 9.563250414021529089e-02
9.746109922715981422e-02 5.556729574937896432e-02 6.089782293679271014e-02 8.145226676787192810e-02 6.853134487993375878e-02 4.440596536019873058e-02 3.478859025669334831e-02 5.820668299751587116e-02 6.544343430858404198e-02 4.257737027325420726e-02 4.690734543196246192e-02 5.454949282362683144e-02 6.178624413469500226e-02 6.338195211150979280e-02 7.025643458459840396e-02 9.378665815622412583e-02
9.388153808998067618e-02 5.637808791057134783e-02 6.165686240684515457e-02 8.130563414297543867e-02 6.891949006348330187e-02 4.432833632348882197e-02 3.439181962462047742e-02 5.829293748274910064e-02 6.590920852884349368e-02 4.395744203698592062e-02 4.778714118134143318e-02 5.519640146287606991e-02 6.092369928236267967e-02 6.408923889042229816e-02 7.111897943693072655e-02 9.186318313552305215e-02
9.156129243720673161e-02 5.707674924096053232e-02 6.149297888490201647e-02 7.950291540160088488e-02 6.907474813690311910e-02 4.503562310240132732e-02 3.562525876345570136e-02 5.901747515870825467e-02 6.603859025669334137e-02 4.521675752139111409e-02 4.731274151255865368e-02 5.638671335909467563e-02 6.035441967982334982e-02 6.424449696384211539e-02 7.206777877449627168e-02 8.999146080596190367e-02
9.004321349710184275e-02 5.718025462324041047e-02 6.108758280430582471e-02 7.871799958597847091e-02 6.897986820314656875e-02 4.668308377035605694e-02 3.628941829975158850e-02 5.962125655534087493e-02 6.599546301407673010e-02 4.600167333701352806e-02 4.674346191001932382e-02 5.775815967430306119e-02 6.031129243720673161e-02 6.535717982335081944e-02 7.066183066519458877e-02 8.856826179961357903e-02
8.982757728401877251e-02 5.729238545404360949e-02 6.054417954733646440e-02 7.766569486613303375e-02 6.945426787192933438e-02 4.739899599779188316e-02 3.686732335081423922e-02 6.150160433342533733e-02 6.457226400772840547e-02 4.598442243996687939e-02 4.579466257245376481e-02 5.843094465912227614e-02 6.063905948109301475e-02 6.567632141871376783e-02 7.054969983439138281e-02 8.780059688103782067e-02
8.916341774772287843e-02 5.693011661606403595e-02 5.975063828319072262e-02 7.864899599779189010e-02 6.993729298923544169e-02 4.780439207838807492e-02 3.588402221915539675e-02 6.272641802373724040e-02 6.286442520011040203e-02 4.639844396908639201e-02 4.589816795473364297e-02 5.859482818106541424e-02 6.018191070935688392e-02 6.581432859508694333e-02 7.079983784156776427e-02 8.860276359370687638e-02
8.862001449075351811e-02 5.631770977090808789e-02 5.886221708528843743e-02 7.834710529947556956e-02 7.087746687827767289e-02 4.802865373999447990e-02 3.509048095500966191e-02 6.295067968534363845e-02 6.191562586254484996e-02 4.607930237372343668e-02 4.567390629312724493e-02 5.866383176925200199e-02 6.030266698868341074e-02 6.588333218327352414e-02 7.205052787744962994e-02 9.033647874689483548e-02
8.876664711565000754e-02 5.519640146287606991e-02 5.842231921059894834e-02 7.933040643113442592e-02 7.150712462048026963e-02 4.770951214463151763e-02 3.450395045542368339e-02 6.258841084736406490e-02 6.209676028153463673e-02 4.576878622688379528e-02 4.561352815346397804e-02 5.819805754899255029e-02 6.123421542920232108e-02 6.504666367651118497e-02 7.180038987027324848e-02 9.221682652497929789e-02
9.046586047474468317e-02 5.555867030085564345e-02 5.902610060723157553e-02 7.855411606403532587e-02 7.061870342257797750e-02 4.711435619652221823e-02 3.484034294783328739e-02 6.114796094396908466e-02 6.237277463428098079e-02 4.482861233784157101e-02 4.543239373447419127e-02 5.770640698316312212e-02 6.249353091360750762e-02 6.513291816174440751e-02 7.189526980402981271e-02 9.281198247308859728e-02
9.203569210598951111e-02 5.609344810930168290e-02 5.864658087220535332e-02 7.917514835771459480e-02 7.037719086392492385e-02 4.654507659398288838e-02 3.482309205078663872e-02 6.088919748826938927e-02 6.352858473640629611e-02 4.430245997791885243e-02 4.579466257245376481e-02 5.756839980678995355e-02 6.270916712669058479e-02 6.331294852332321199e-02 7.148987372343361402e-02 9.270847709080871912e-02
9.331225848744134632e-02 5.681798578526083693e-02 5.924173682031465965e-02 7.927865373999447296e-02 6.969578043058238803e-02 4.616555685895666616e-02 3.471958666850676056e-02 5.967300924648081401e-02 6.358896287606954911e-02 4.397469293403256929e-02 4.620005865304995657e-02 5.699049475572729589e-02 6.234689828871101125e-02 6.383047543472260277e-02 7.150712462048026963e-02 9.265672439966878005e-02
9.241521184101572639e-02 5.644709149875793558e-02 5.965575834943417227e-02 8.042583839359646047e-02 6.972165677615235757e-02 4.620868410157328438e-02 3.479721570521666918e-02 6.006115443003036403e-02 6.373559550096605242e-02 4.386256210322937027e-02 4.643294576317968242e-02 5.763740339497654130e-02 6.165686240684515457e-02 6.406336254485232862e-02 7.096372136351090931e-02 9.191493582666299123e-02
9.071599848192106463e-02 5.629183342533811835e-02 6.055280499585978526e-02 7.996868962186033658e-02 6.978203491581562445e-02 4.554452456527739723e-02 3.488347019044990560e-02 6.037167057686999849e-02 6.333019942036985372e-02 4.453534708804857828e-02 4.616555685895666616e-02 5.781853781396632808e-02 6.194150220811481949e-02 6.588333218327352414e-02 7.145537192934033055e-02 9.075912572453767591e-02
8.864589083632348765e-02 5.706812379243720451e-02 6.057868134142975480e-02 7.947703905603091534e-02 6.963540229091912115e-02 4.569978263869721447e-02 3.580639318244548813e-02 6.111345914987579425e-02 6.359758832459287692e-02 4.447496894838531833e-02 4.672621101297267515e-02 5.825843568865581024e-02 6.193287675959149863e-02 6.572807410985370691e-02 7.251630209770908164e-02 8.874077077008003800e-02
8.700705561689207890e-02 5.708537468948385318e-02 6.057005589290643394e-02 7.914927201214462527e-02 7.039444176097156558e-02 4.598442243996687939e-02 3.609965843223847393e-02 6.049242685619652532e-02 6.358033742754623519e-02 4.570840808722053533e-02 4.714023254209218777e-02 5.919860957769804144e-02 6.119108818658570287e-02 6.501216188241788763e-02 7.353410502346122146e-02 8.785234957217775975e-02
8.665341222743583316e-02 5.690424027049406641e-02 6.016465981231024218e-02 7.845061068175544772e-02 7.054969983439138281e-02 4.617418230747998703e-02 3.670343982887110112e-02 6.036304512834667069e-02 6.387360267733922792e-02 4.655370204250620925e-02 4.751975227711840999e-02 5.939699489373447688e-02 6.007840532707700576e-02 6.498628553684791809e-02 7.367211219983439696e-02 8.795585495445763791e-02
8.777472053546785113e-02 5.664547681479437102e-02 5.913823143803477456e-02 7.759669127794645294e-02 7.100684860612752058e-02 4.620868410157328438e-02 3.628079285122826070e-02 6.112208459839911512e-02 6.364071556720948819e-02 4.782164297543472359e-02 4.713160709356886691e-02 5.946599848192105769e-02 6.000940173889042495e-02 6.521917264697764394e-02 7.304245445763180022e-02 8.789547681479437102e-02
8.987070452663538378e-02 5.640396425614131737e-02 5.962125655534087493e-02 7.653576110957770184e-02 7.091196867237095636e-02 4.620005865304995657e-02 3.631529464532155804e-02 6.246765456803753808e-02 6.302830872205354706e-02 4.789064656362131134e-02 4.666583287330941521e-02 5.800829768147943571e-02 6.046655051062655578e-02 6.537443072039746117e-02 7.167963359094672859e-02 8.855963635109025123e-02
9.040548233508143017e-02 5.667997860888766143e-02 6.082881934860612932e-02 7.636325213911122900e-02 7.048069624620480200e-02 4.647607300579630063e-02 3.625491650565829116e-02 6.265741443555064571e-02 6.322669403808997557e-02 4.765775945349157855e-02 4.633806582942313207e-02 5.705949834391388364e-02 6.085469569417609886e-02 6.506391457355782670e-02 7.073083425338116959e-02 8.892190518906982477e-02
9.135428167264697530e-02 5.630908432238476702e-02 6.172586599503174232e-02 7.557833632348881503e-02 7.018743099641180927e-02 4.647607300579630063e-02 3.692770149047750611e-02 6.228652014904775130e-02 6.364934101573281600e-02 4.754562862268837953e-02 4.668308377035605694e-02 5.627458252829146967e-02 5.992314725365718853e-02 6.521054719845431613e-02 6.979928581286226619e-02 9.006908984267181228e-02
9.049173682031465271e-02 5.656784777808446241e-02 6.213988752415125494e-02 7.591472881589843291e-02 6.986828940104886088e-02 4.621730955009660524e-02 3.744522840187689688e-02 6.201050579630140724e-02 6.514154361026773532e-02 4.669170921887938475e-02 4.732136696108197454e-02 5.598131727849848388e-02 5.924173682031465965e-02 6.501216188241788763e-02 6.964402773944244895e-02 9.031060240132486594e-02
9.108689276842395210e-02 5.588643734474192659e-02 6.201913124482472811e-02 7.575084529395528787e-02 6.976478401876898272e-02 4.541514283742754954e-02 3.771261730609992008e-02 6.159648426718189462e-02 6.558144148495721748e-02 4.672621101297267515e-02 4.770088669610819676e-02 5.654197143251449287e-02 5.940562034225779775e-02 6.398573350814242000e-02 7.056695073143803842e-02 9.025884971018492686e-02
8.979307548992547516e-02 5.660234957217775281e-02 6.335607576593982326e-02 7.608723778636489188e-02 6.972165677615235757e-02 4.438008901462876105e-02 3.732447212255037006e-02 6.058730678995307567e-02 6.661649530775599903e-02 4.654507659398288838e-02 4.804590463704112857e-02 5.679210943969086739e-02 5.927623861440795006e-02 6.382184998619928884e-02 7.182626621584321802e-02 8.922379588738614531e-02
8.952568658570245197e-02 5.738726538780016678e-02 6.283854885454043249e-02 7.565596536019872365e-02 7.010980195970190065e-02 4.427658363234888289e-02 3.706570866685067467e-02 5.989727090808721899e-02 6.703914228539883946e-02 4.759738131382831861e-02 4.821841360750758754e-02 5.769778153463980125e-02 5.899159881313828513e-02 6.381322453767596103e-02 7.250767664918575384e-02 8.737794990339498025e-02
8.742107714601159152e-02 5.821530844603919203e-02 6.348545749378967096e-02 7.654438655810101577e-02 7.089471777532431462e-02 4.492349227159812136e-02 3.716058860060723196e-02 6.009565622412365443e-02 6.694426235164228911e-02 4.730411606403533281e-02 4.875319141595362699e-02 5.762877794645321350e-02 5.762877794645321350e-02 6.425312241236544319e-02 7.292169817830526646e-02 8.582536916919679404e-02
8.580811827215015231e-02 5.808592671818934433e-02 6.244177822246756854e-02 7.655301200662434358e-02 7.086884142975434508e-02 4.600167333701352806e-02 3.758323557825007238e-02 6.024228884902015080e-02 6.673725158708253280e-02 4.844267526911399252e-02 4.873594051890698525e-02 5.840506831355230660e-02 5.777541057134970987e-02 6.491728194866133728e-02 7.226616409053271406e-02 8.513533328733094430e-02
8.502320245652773834e-02 5.724063276290367042e-02 6.294205423682031064e-02 7.598373240408501372e-02 7.123111026773391863e-02 4.714023254209218777e-02 3.845440587910571584e-02 6.062180858404637301e-02 6.606446660226331091e-02 4.904645666574661972e-02 4.832191898978746569e-02 5.759427615235992309e-02 5.821530844603919203e-02 6.501216188241788763e-02 7.220578595086944718e-02 8.490244617720121845e-02
8.541997308860060922e-02 5.718888007176373134e-02 6.289892699420369937e-02 7.502630761799614079e-02 7.117073212807066562e-02 4.798552649737786169e-02 3.817839152635937178e-02 6.110483370135247339e-02 6.599546301407673010e-02 5.020226676787192810e-02 4.833916988683411436e-02 5.738726538780016678e-02 5.847407190173888741e-02 6.510704181617443798e-02 7.090334322384764243e-02 8.461780637593155352e-02
8.538547129450731188e-02 5.661960046922440148e-02 6.399435895666574781e-02 7.506080941208942425e-02 7.172276083356333987e-02 4.935697281258625418e-02 3.722096674027049190e-02 6.218301476676787315e-02 6.486552925752138432e-02 4.926209287882969690e-02 4.898607852608335977e-02 5.720613096881038001e-02 5.823255934308584070e-02 6.434800234612199354e-02 7.114485578250069608e-02 8.441079561137179721e-02
8.542859853712393703e-02 5.768053063759315258e-02 6.394260626552580873e-02 7.315458528843499231e-02 7.156750276014352263e-02 4.912408570245652834e-02 3.572876414573557952e-02 6.316631589842672256e-02 6.483965291195141478e-02 4.910683480540987966e-02 4.920171473916643695e-02 5.819805754899255029e-02 5.840506831355230660e-02 6.444288227987855777e-02 7.094647046646425370e-02 8.506632969914434961e-02
8.509220604471431915e-02 5.786166505658293935e-02 6.400298440518907561e-02 7.328396701628484000e-02 7.157612820866685044e-02 4.965023806237924692e-02 3.512498274910295232e-02 6.400298440518907561e-02 6.429624965498205447e-02 4.801140284294783123e-02 4.965023806237924692e-02 5.786166505658293935e-02 5.862070452663538378e-02 6.429624965498205447e-02 7.157612820866685044e-02 8.509220604471431915e-02
8.506632969914434961e-02 5.819805754899255029e-02 6.316631589842672256e-02 7.315458528843499231e-02 7.094647046646425370e-02 4.920171473916643695e-02 3.572876414573557952e-02 6.394260626552580873e-02 6.444288227987855777e-02 4.910683480540987966e-02 4.912408570245652834e-02 5.768053063759315258e-02 5.840506831355230660e-02 6.483965291195141478e-02 7.156750276014352263e-02 8.542859853712393703e-02
8.441079561137179721e-02 5.720613096881038001e-02 6.218301476676787315e-02 7.506080941208942425e-02 7.114485578250069608e-02 4.898607852608335977e-02 3.722096674027049190e-02 6.399435895666574781e-02 6.434800234612199354e-02 4.926209287882969690e-02 4.935697281258625418e-02 5.661960046922440148e-02 5.823255934308584070e-02 6.486552925752138432e-02 7.172276083356333987e-02 8.538547129450731188e-02
8.461780637593155352e-02 5.738726538780016678e-02 6.110483370135247339e-02 7.502630761799614079e-02 7.090334322384764243e-02 4.833916988683411436e-02 3.817839152635937178e-02 6.289892699420369937e-02 6.510704181617443798e-02 5.020226676787192810e-02 4.798552649737786169e-02 5.718888007176373134e-02 5.847407190173888741e-02 6.599546301407673010e-02 7.117073212807066562e-02 8.541997308860060922e-02
8.490244617720121845e-02 5.759427615235992309e-02 6.062180858404637301e-02 7.598373240408501372e-02 7.220578595086944718e-02 4.832191898978746569e-02 3.845440587910571584e-02 6.294205423682031064e-02 6.501216188241788763e-02 4.904645666574661972e-02 4.714023254209218777e-02 5.724063276290367042e-02 5.821530844603919203e-02 6.606446660226331091e-02 7.123111026773391863e-02 8.502320245652773834e-02
8.513533328733094430e-02 5.840506831355230660e-02 6.024228884902015080e-02 7.655301200662434358e-02 7.226616409053271406e-02 4.873594051890698525e-02 3.758323557825007238e-02 6.244177822246756854e-02 6.491728194866133728e-02 4.844267526911399252e-02 4.600167333701352806e-02 5.808592671818934433e-02 5.777541057134970987e-02 6.673725158708253280e-02 7.086884142975434508e-02 8.580811827215015231e-02
8.582536916919679404e-02 5.762877794645321350e-02 6.009565622412365443e-02 7.654438655810101577e-02 7.292169817830526646e-02 4.875319141595362699e-02 3.716058860060723196e-02 6.348545749378967096e-02 6.425312241236544319e-02 4.730411606403533281e-02 4.492349227159812136e-02 5.821530844603919203e-02 5.762877794645321350e-02 6.694426235164228911e-02 7.089471777532431462e-02 8.742107714601159152e-02
8.737794990339498025e-02 5.769778153463980125e-02 5.989727090808721899e-02 7.565596536019872365e-02 7.250767664918575384e-02 4.821841360750758754e-02 3.706570866685067467e-02 6.283854885454043249e-02 6.381322453767596103e-02 4.759738131382831861e-02 4.427658363234888289e-02 5.738726538780016678e-02 5.899159881313828513e-02 6.703914228539883946e-02 7.010980195970190065e-02 8.952568658570245197e-02
8.922379588738614531e-02 5.679210943969086739e-02 6.058730678995307567e-02 7.608723778636489188e-02 7.182626621584321802e-02 4.804590463704112857e-02 3.732447212255037006e-02 6.335607576593982326e-02 6.382184998619928884e-02 4.654507659398288838e-02 4.438008901462876105e-02 5.660234957217775281e-02 5.927623861440795006e-02 6.661649530775599903e-02 6.972165677615235757e-02 8.979307548992547516e-02
9.025884971018492686e-02 5.654197143251449287e-02 6.159648426718189462e-02 7.575084529395528787e-02 7.056695073143803842e-02 4.770088669610819676e-02 3.771261730609992008e-02 6.201913124482472811e-02 6.398573350814242000e-02 4.672621101297267515e-02 4.541514283742754954e-02 5.588643734474192659e-02 5.940562034225779775e-02 6.558144148495721748e-02 6.976478401876898272e-02 9.108689276842395210e-02
9.031060240132486594e-02 5.598131727849848388e-02 6.201050579630140724e-02 7.591472881589843291e-02 6.964402773944244895e-02 4.732136696108197454e-02 3.744522840187689688e-02 6.213988752415125494e-02 6.501216188241788763e-02 4.669170921887938475e-02 4.621730955009660524e-02 5.656784777808446241e-02 5.924173682031465965e-02 6.514154361026773532e-02 6.986828940104886088e-02 9.049173682031465271e-02
9.006908984267181228e-02 5.627458252829146967e-02 6.228652014904775130e-02 7.557833632348881503e-02 6.979928581286226619e-02 4.668308377035605694e-02 3.692770149047750611e-02 6.172586599503174232e-02 6.521054719845431613e-02 4.754562862268837953e-02 4.647607300579630063e-02 5.630908432238476702e-02 5.992314725365718853e-02 6.364934101573281600e-02 7.018743099641180927e-02 9.135428167264697530e-02
8.892190518906982477e-02 5.705949834391388364e-02 6.265741443555064571e-02 7.636325213911122900e-02 7.073083425338116959e-02 4.633806582942313207e-02 3.625491650565829116e-02 6.082881934860612932e-02 6.506391457355782670e-02 4.765775945349157855e-02 4.647607300579630063e-02 5.667997860888766143e-02 6.085469569417609886e-02 6.322669403808997557e-02 7.048069624620480200e-02 9.040548233508143017e-02
8.855963635109025123e-02 5.800829768147943571e-02 6.246765456803753808e-02 7.653576110957770184e-02 7.167963359094672859e-02 4.666583287330941521e-02 3.631529464532155804e-02 5.962125655534087493e-02 6.537443072039746117e-02 4.789064656362131134e-02 4.620005865304995657e-02 5.640396425614131737e-02 6.046655051062655578e-02 6.302830872205354706e-02 7.091196867237095636e-02 8.987070452663538378e-02
8.789547681479437102e-02 5.946599848192105769e-02 6.112208459839911512e-02 7.759669127794645294e-02 7.304245445763180022e-02 4.713160709356886691e-02 3.628079285122826070e-02 5.913823143803477456e-02 6.521917264697764394e-02 4.782164297543472359e-02 4.620868410157328438e-02 5.664547681479437102e-02 6.000940173889042495e-02 6.364071556720948819e-02 7.100684860612752058e-02 8.777472053546785113e-02
8.795585495445763791e-02 5.939699489373447688e-02 6.036304512834667069e-02 7.845061068175544772e-02 7.367211219983439696e-02 4.751975227711840999e-02 3.670343982887110112e-02 6.016465981231024218e-02 6.498628553684791809e-02 4.655370204250620925e-02 4.617418230747998703e-02 5.690424027049406641e-02 6.007840532707700576e-02 6.387360267733922792e-02 7.054969983439138281e-02 8.665341222743583316e-02
8.785234957217775975e-02 5.919860957769804144e-02 6.049242685619652532e-02 7.914927201214462527e-02 7.353410502346122146e-02 4.714023254209218777e-02 3.609965843223847393e-02 6.057005589290643394e-02 6.501216188241788763e-02 4.570840808722053533e-02 4.598442243996687939e-02 5.708537468948385318e-02 6.119108818658570287e-02 6.358033742754623519e-02 7.039444176097156558e-02 8.700705561689207890e-02
8.874077077008003800e-02 5.825843568865581024e-02 6.111345914987579425e-02 7.947703905603091534e-02 7.251630209770908164e-02 4.672621101297267515e-02 3.580639318244548813e-02 6.057868134142975480e-02 6.572807410985370691e-02 4.447496894838531833e-02 4.569978263869721447e-02 5.706812379243720451e-02 6.193287675959149863e-02 6.359758832459287692e-02 6.963540229091912115e-02 8.864589083632348765e-02
9.075912572453767591e-02 5.781853781396632808e-02 6.037167057686999849e-02 7.996868962186033658e-02 7.145537192934033055e-02 4.616555685895666616e-02 3.488347019044990560e-02 6.055280499585978526e-02 6.588333218327352414e-02 4.453534708804857828e-02 4.554452456527739723e-02 5.629183342533811835e-02 6.194150220811481949e-02 6.333019942036985372e-02 6.978203491581562445e-02 9.071599848192106463e-02
9.191493582666299123e-02 5.763740339497654130e-02 6.006115443003036403e-02 8.042583839359646047e-02 7.096372136351090931e-02 4.643294576317968242e-02 3.479721570521666918e-02 5.965575834943417227e-02 6.406336254485232862e-02 4.386256210322937027e-02 4.620868410157328438e-02 5.644709149875793558e-02 6.165686240684515457e-02 6.373559550096605242e-02 6.972165677615235757e-02 9.241521184101572639e-02
9.265672439966878005e-02 5.699049475572729589e-02 5.967300924648081401e-02 7.927865373999447296e-02 7.150712462048026963e-02 4.620005865304995657e-02 3.471958666850676056e-02 5.924173682031465965e-02 6.383047543472260277e-02 4.397469293403256929e-02 4.616555685895666616e-02 5.681798578526083693e-02 6.234689828871101125e-02 6.358896287606954911e-02 6.969578043058238803e-02 9.331225848744134632e-02
9.270847709080871912e-02 5.756839980678995355e-02 6.088919748826938927e-02 7.917514835771459480e-02 7.148987372343361402e-02 4.579466257245376481e-02 3.482309205078663872e-02 5.864658087220535332e-02 6.331294852332321199e-02 4.430245997791885243e-02 4.654507659398288838e-02 5.609344810930168290e-02 6.270916712669058479e-02 6.352858473640629611e-02 7.037719086392492385e-02 9.203569210598951111e-02
9.281198247308859728e-02 5.770640698316312212e-02 6.114796094396908466e-02 7.855411606403532587e-02 7.189526980402981271e-02 4.543239373447419127e-02 3.484034294783328739e-02 5.902610060723157553e-02 6.513291816174440751e-02 4.482861233784157101e-02 4.711435619652221823e-02 5.555867030085564345e-02 6.249353091360750762e-02 6.237277463428098079e-02 7.061870342257797750e-02 9.046586047474468317e-02
9.221682652497929789e-02 5.819805754899255029e-02 6.258841084736406490e-02 7.933040643113442592e-02 7.180038987027324848e-02 4.561352815346397804e-02 3.450395045542368339e-02 5.842231921059894834e-02 6.504666367651118497e-02 4.576878622688379528e-02 4.770951214463151763e-02 5.519640146287606991e-02 6.123421542920232108e-02 6.209676028153463673e-02 7.150712462048026963e-02 8.876664711565000754e-02
9.033647874689483548e-02 5.866383176925200199e-02 6.295067968534363845e-02 7.834710529947556956e-02 7.205052787744962994e-02 4.567390629312724493e-02 3.509048095500966191e-02 5.886221708528843743e-02 6.588333218327352414e-02 4.607930237372343668e-02 4.802865373999447990e-02 5.631770977090808789e-02 6.030266698868341074e-02 6.191562586254484996e-02 7.087746687827767289e-02 8.862001449075351811e-02
8.860276359370687638e-02 5.859482818106541424e-02 6.272641802373724040e-02 7.864899599779189010e-02 7.079983784156776427e-02 4.589816795473364297e-02 3.588402221915539675e-02 5.975063828319072262e-02 6.581432859508694333e-02 4.639844396908639201e-02 4.780439207838807492e-02 5.693011661606403595e-02 6.018191070935688392e-02 6.286442520011040203e-02 6.993729298923544169e-02 8.916341774772287843e-02
8.780059688103782067e-02 5.843094465912227614e-02 6.150160433342533733e-02 7.766569486613303375e-02 7.054969983439138281e-02 4.579466257245376481e-02 3.686732335081423922e-02 6.054417954733646440e-02 6.567632141871376783e-02 4.598442243996687939e-02 4.739899599779188316e-02 5.729238545404360949e-02 6.063905948109301475e-02 6.457226400772840547e-02 6.945426787192933438e-02 8.982757728401877251e-02
8.856826179961357903e-02 5.775815967430306119e-02 5.962125655534087493e-02 7.871799958597847091e-02 7.066183066519458877e-02 4.674346191001932382e-02 3.628941829975158850e-02 6.108758280430582471e-02 6.535717982335081944e-02 4.600167333701352806e-02 4.668308377035605694e-02 5.718025462324041047e-02 6.031129243720673161e-02 6.599546301407673010e-02 6.897986820314656875e-02 9.004321349710184275e-02
8.999146080596190367e-02 5.638671335909467563e-02 5.901747515870825467e-02 7.950291540160088488e-02 7.206777877449627168e-02 4.731274151255865368e-02 3.562525876345570136e-02 6.149297888490201647e-02 6.424449696384211539e-02 4.521675752139111409e-02 4.503562310240132732e-02 5.707674924096053232e-02 6.035441967982334982e-02 6.603859025669334137e-02 6.907474813690311910e-02 9.156129243720673161e-02
9.186318313552305215e-02 5.519640146287606991e-02 5.829293748274910064e-02 8.130563414297543867e-02 7.111897943693072655e-02 4.778714118134143318e-02 3.439181962462047742e-02 6.165686240684515457e-02 6.408923889042229816e-02 4.395744203698592062e-02 4.432833632348882197e-02 5.637808791057134783e-02 6.092369928236267967e-02 6.590920852884349368e-02 6.891949006348330187e-02 9.388153808998067618e-02
9.378665815622412583e-02 5.454949282362683144e-02 5.820668299751587116e-02 8.145226676787192810e-02 7.025643458459840396e-02 4.690734543196246192e-02 3.478859025669334831e-02 6.089782293679271014e-02 6.338195211150979280e-02 4.257737027325420726e-02 4.440596536019873058e-02 5.556729574937896432e-02 6.178624413469500226e-02 6.544343430858404198e-02 6.853134487993375878e-02 9.746109922715981422e-02
9.563250414021529089e-02 5.442873654430030461e-02 5.833606472536571885e-02 8.081398357714601743e-02 6.910924993099641644e-02 4.556177546232403897e-02 3.410717982335081250e-02 6.069943762075628163e-02 6.367521736130278553e-02 4.260324661882417679e-02 4.513050303615787767e-02 5.452361647805686190e-02 6.295067968534363845e-02 6.552968879381727840e-02 6.863485026221363694e-02 9.826326593982886992e-02
9.532198799337565642e-02 5.547241581562241397e-02 6.014740891526359351e-02 8.042583839359646047e-02 6.885911192382003498e-02 4.475098330113165546e-02 3.471096121998343970e-02 5.980239097433066864e-02 6.299380692796024972e-02 4.356929685343637754e-02 4.585504071211703170e-02 5.379045335357438701e-02 6.240727642837427813e-02 6.560731783052718702e-02 6.920412986475296679e-02 9.708157949213358506e-02
9.293273875241513104e-02 5.624870618272150014e-02 6.066493582666298429e-02 7.973580251173061073e-02 6.905749723985647737e-02 4.528576110957769491e-02 3.519398633728954007e-02 5.986276911399392858e-02 6.358896287606954911e-02 4.544964463152083994e-02 4.614830596191001749e-02 5.473062724261661821e-02 6.164823695832183370e-02 6.555556513938724794e-02 7.017880554788849534e-02 9.371765456803753114e-02
9.023297336461495732e-02 5.765465429202318304e-02 6.063043403256969388e-02 7.870937413745514311e-02 6.948014421749930392e-02 4.646744755727297976e-02 3.666031258625448291e-02 5.993177270218051633e-02 6.349408294231299876e-02 4.639844396908639201e-02 4.676071280706596556e-02 5.553279395528567391e-02 5.994039815070383720e-02 6.623697557272978376e-02 7.059282707700800796e-02 9.127665263593706668e-02
8.863726538780015984e-02 5.754252346121998402e-02 5.897434791609163646e-02 7.799346191001932382e-02 7.064457976814794704e-02 4.689871998343914106e-02 3.722096674027049190e-02 6.199325489925475857e-02 6.422724606679547366e-02 4.689009453491581325e-02 4.677796370411261423e-02 5.674898219707424918e-02 5.805142492409605393e-02 6.610759384487993606e-02 7.007530016560861719e-02 9.121627449627379980e-02
8.901678512282638900e-02 5.676623309412089091e-02 5.770640698316312212e-02 7.807109094672923244e-02 7.090334322384764243e-02 4.731274151255865368e-02 3.659993444659122297e-02 6.262291264145736225e-02 6.408923889042229816e-02 4.621730955009660524e-02 4.594129519735026118e-02 5.680073488821418826e-02 5.748214532155672407e-02 6.726340394700523750e-02 7.036856541540159604e-02 9.283785881865856682e-02
